# set  seam(albedo x,y)  seam(normal x,y)  mean albedo  luma  mean saturation  mean rough
glyph_stone       1.05,0.67  1.01,0.53  [0.49300000071525574, 0.47200000286102295, 0.4189999997615814]  0.473  0.15  0.86
jade_stone        0.68,1.79  0.60,0.94  [0.25, 0.32499998807907104, 0.2770000100135803]  0.297  0.26  0.20
obsidian          1.23,1.08  1.11,0.97  [0.0729999989271164, 0.06400000303983688, 0.07100000232458115]  0.068  0.16  0.14
lime_plaster      1.03,0.96  0.95,0.95  [0.6060000061988831, 0.5809999704360962, 0.5370000004768372]  0.584  0.11  0.88
terrace_paving    1.04,1.10  1.14,0.99  [0.4480000138282776, 0.414000004529953, 0.3610000014305115]  0.418  0.20  0.81
turquoise_mosaic  1.38,1.22  1.44,1.15  [0.24500000476837158, 0.3490000069141388, 0.3319999873638153]  0.316  0.31  0.49
jungle_floor      0.84,0.80  1.00,0.87  [0.23800000548362732, 0.19599999487400055, 0.13099999725818634]  0.201  0.44  0.85
red_clay          0.94,1.00  0.99,1.01  [0.4259999990463257, 0.32100000977516174, 0.25200000405311584]  0.344  0.41  0.90
blackwire_soil    1.03,1.00  1.02,1.02  [0.20499999821186066, 0.13899999856948853, 0.12200000137090683]  0.157  0.40  0.87
cliff_ochre       0.93,1.05  0.99,1.07  [0.4440000057220459, 0.3449999988079071, 0.27000001072883606]  0.366  0.39  0.89
